2129221332 3019585587 0 4 1 4 3 0
1122779165 1759848582 0 4 6 4 4 0
3335169722 1055957875 0 5 1 5 3 0
1371561621 3550195819 0 3 6 3 4 0
2933757364 3031639039 0 6 0 5 2 0
1759629711 3833065073 0 3 4 4 3 0
1390104471 3286765471 0 5 2 4 4 0
1194317362 1640229218 0 1 7 3 6 0
2612579659 3425438631 0 3 1 3 3 0
373902755 2215392899 0 4 3 3 2 0
2175939233 2248820878 0 4 4 3 2 0
2211704369 904928888 0 6 7 5 5 0
243310960 3644829127 0 1 0 2 2 0
3739186921 1967320990 0 2 6 2 5 0
3575663995 955135088 0 3 0 5 2 0
3306550684 1057472508 0 3 6 1 5 0
2129221332 3019585587 0 4 1 4 3 0
1122779165 1759848582 0 4 6 4 4 0
3335169722 1055957875 0 5 1 5 3 0
1371561621 3550195819 0 3 6 3 4 0
2933757364 3031639039 0 4 3 3 4 0
2550491004 189422073 0 4 4 4 3 0
1589298982 851428927 0 3 1 3 2 0
4155467126 3202343461 0 6 7 5 5 0
2063346231 1376801178 0 1 0 2 2 0
2862874030 4268561347 0 5 7 1 3 0
3460231304 3662831929 -1 2 0 3 1 0
637643994 1849781752 -1 4 3 4 2 0
28632767 946298832 -1 3 1 4 2 0
4125570642 1662671798 -1 4 7 6 7 0
1243265278 1445376926 -1 4 2 3 1 0
4105681145 4292838758 -1 1 3 2 2 0
1531338604 706394330 -1 1 1 2 2 0
3103399056 2335228326 -1 5 5 3 4 0
2020579907 2889865925 -1 3 0 5 2 0
1750737572 2882949449 -1 5 7 4 7 0
4032544364 3670057033 -1 6 0 4 1 0
837505223 981733278 -1 1 7 2 5 0
2129221332 3019585587 0 4 1 4 3 0
1122779165 1759848582 0 4 6 4 4 0
3335169722 1055957875 0 5 1 5 3 0
1371561621 3550195819 0 3 6 3 4 0
2933757364 3031639039 0 4 3 3 4 0
2550491004 189422073 0 4 4 4 3 0
1589298982 851428927 1 3 1 3 2 0
4155467126 3202343461 1 4 3 3 2 0
1152399564 2023326998 1 5 0 3 2 0
1441026783 1202975150 1 6 7 5 5 0
3635879326 2877047313 1 1 0 2 2 0
149473799 117506120 1 5 7 4 6 0
3187452733 1433330533 1 6 0 5 2 0
1057084318 4151013316 1 4 7 6 7 0
2164022578 3260516332 1 4 0 6 0 0
2129221332 3019585587 0 4 1 4 3 0
1122779165 1759848582 0 4 6 4 4 0
3335169722 1055957875 0 5 1 5 3 0
1371561621 3550195819 0 3 6 3 4 0
2933757364 3031639039 0 4 3 3 4 0
2550491004 189422073 0 4 4 4 3 0
1589298982 851428927 1 3 1 3 2 0
4155467126 3202343461 1 3 7 3 4 0
340048724 3844599124 1 3 0 4 1 0
1290567519 1124869802 1 5 6 5 4 0
1327703613 2103067564 1 1 0 2 2 0
1699716552 2014008811 1 5 7 1 3 0
30576878 1546921745 1 2 0 3 1 0
3924675772 3894881232 1 1 3 2 2 0
1176251177 1038227052 1 3 1 2 2 0
2129221332 3019585587 0 4 1 4 3 0
1122779165 1759848582 0 4 6 4 4 0
3335169722 1055957875 0 5 1 5 3 0
1371561621 3550195819 0 4 4 5 3 0
1466106167 690991945 0 6 0 5 2 0
3583932820 2334801896 0 3 6 3 4 0
233764462 3186784351 0 4 3 3 4 0
993395878 34275929 0 6 7 5 5 0
3060091879 4005868006 0 2 1 2 3 0
3581458373 297660283 0 2 6 2 5 0
274311978 766072365 0 3 1 3 3 0
2645044162 1703504649 0 5 7 1 3 0
4006867251 1733712587 0 1 0 2 2 0
1049372330 3408599186 0 2 5 3 4 0
2388024751 3956071820 0 2 0 5 3 0
2701225662 117107845 0 4 7 6 7 0
2129221332 3019585587 0 4 1 4 3 0
1122779165 1759848582 0 4 6 4 4 0
3335169722 1055957875 0 5 1 5 3 0
1371561621 3550195819 0 4 4 5 3 0
1466106167 690991945 -1 5 0 2 3 0
1061880726 3737240603 -1 3 7 7 3 0
565073707 2556412339 -1 4 0 5 0 0
878495170 3532437682 -1 3 6 3 4 0
3962325560 3830775557 -1 2 3 3 4 0
3338706891 4145878670 -1 5 7 3 5 0
3897443907 1515846322 -1 1 0 2 2 0
940675546 4129601771 -1 6 7 4 6 0
2826745950 3383039206 -1 3 1 3 3 0
630012086 2172987842 -1 5 6 5 5 0
4214410532 529691998 -1 6 0 5 2 0
2043655559 3180853759 -1 7 3 7 4 0
2149879162 2558048310 -1 3 4 2 3 0
1138480947 3184255240 -1 2 7 6 3 0
2129221332 3019585587 0 4 1 4 3 0
1122779165 1759848582 0 4 6 4 4 0
3335169722 1055957875 0 5 1 5 3 0
1371561621 3550195819 0 4 4 5 3 0
1466106167 690991945 -1 3 1 3 3 0
3667034591 1628409453 -1 3 7 7 3 0
2129221332 3019585587 0 4 1 4 3 0
1122779165 1759848582 0 4 6 4 4 0
3335169722 1055957875 0 6 0 5 2 0
124370606 2806128978 0 1 7 2 5 0
3519121475 4147660077 0 2 1 2 2 0
3516212653 841987269 0 6 7 5 5 0
1556507372 3739223930 0 3 1 3 3 0
3510102532 2529180254 0 3 6 3 4 0
513913385 2264415953 -1 4 3 3 4 0
679035105 956384471 -1 3 7 3 4 0
3415383747 1660504998 -1 3 3 4 4 0
3351664208 3492615232 -1 3 4 3 0 0
785115391 1100700134 -1 4 0 3 0 0
2976278493 1082544557 -1 5 5 6 3 0
2129221332 3019585587 0 4 1 4 3 0
1122779165 1759848582 0 4 6 4 4 0
3335169722 1055957875 0 6 0 5 2 0
124370606 2806128978 0 1 7 2 5 0
3519121475 4147660077 0 2 1 2 2 0
3516212653 841987269 0 6 7 5 5 0
1556507372 3739223930 0 3 1 3 3 0
3510102532 2529180254 0 3 6 3 4 0
513913385 2264415953 -1 3 3 4 4 0
1446266402 3337429016 -1 5 5 4 3 0
2129221332 3019585587 0 4 1 4 3 0
1122779165 1759848582 0 4 6 4 4 0
3335169722 1055957875 0 6 0 5 2 0
124370606 2806128978 0 1 7 2 5 0
3519121475 4147660077 0 2 1 2 2 0
3516212653 841987269 0 6 7 5 5 0
1556507372 3739223930 0 3 1 3 2 0
4124297404 1384129376 0 3 6 3 4 0
765675334 1683514583 -1 1 0 3 1 0
2129221332 3019585587 0 4 1 4 3 0
1122779165 1759848582 0 4 6 4 4 0
3335169722 1055957875 0 6 0 5 2 0
124370606 2806128978 0 1 7 2 5 0
3519121475 4147660077 0 2 1 2 2 0
3516212653 841987269 0 6 7 5 5 0
1556507372 3739223930 1 3 1 3 3 0
3510102532 2529180254 1 5 5 4 3 0
2864506503 1739210750 1 3 3 3 4 0
3935103475 2532116969 1 2 5 1 7 0
1009049374 3331812758 1 5 2 4 4 0
701515451 1690078059 1 4 3 5 5 0
3202230874 4096843057 1 5 0 4 1 0
259087538 3069095621 1 5 7 2 4 0
494330260 2049781010 1 4 0 6 0 0
1664780726 207774697 1 4 7 6 7 0
3704031002 962497473 1 4 4 3 2 0
1453861987 899812562 1 2 4 4 6 0
2129221332 3019585587 0 4 1 4 3 0
1122779165 1759848582 0 4 6 4 4 0
3335169722 1055957875 0 6 0 5 2 0
124370606 2806128978 0 3 6 3 5 0
3318770197 1110938135 1 3 1 3 3 0
1210182397 169324339 1 5 6 5 4 0
1544053832 312576269 1 5 0 2 3 0
3457354373 1281600065 1 5 4 4 3 0
3095930633 3700977039 1 5 2 4 4 0
2910633644 2125695858 1 3 5 3 4 0
4084521333 1608466095 1 3 0 7 4 0
2355068624 260072773 1 6 6 6 5 0
3774249645 2637798003 1 4 4 6 5 0
2741252243 1597831671 1 6 7 5 5 0
775389138 3019065928 1 7 4 4 4 0
3728360970 4025884260 1 5 7 4 6 0
1798186800 3180985673 1 2 3 1 4 0
2129221332 3019585587 0 4 1 4 3 0
1122779165 1759848582 0 4 6 4 4 0
3335169722 1055957875 0 6 0 5 2 0
124370606 2806128978 0 3 6 3 5 0
3318770197 1110938135 0 3 1 3 3 0
1210182397 169324339 0 6 7 5 5 0
3532943979 3224919988 0 1 0 2 2 0
46900722 1816468973 0 1 7 3 6 0
3730620043 3249209128 0 5 0 2 3 0
3061103658 910461050 0 5 7 4 6 0
56679696 1680567127 0 4 0 6 0 0
2100081970 308553132 0 4 7 6 7 0
3268492190 660131204 0 3 0 4 1 0
2591686549 2171799162 0 2 6 2 5 0
2441528327 3437223316 0 0 1 0 3 0
2853358747 1636154342 0 3 7 2 6 0
717579541 3415941157 1 7 1 7 2 0
2129221332 3019585587 0 4 1 4 3 0
1122779165 1759848582 0 4 6 4 4 0
3335169722 1055957875 0 6 0 5 2 0
124370606 2806128978 0 3 6 3 5 0
3318770197 1110938135 0 3 1 3 3 0
1210182397 169324339 0 6 7 5 5 0
3532943979 3224919988 0 1 0 2 2 0
46900722 1816468973 0 1 7 3 6 0
3730620043 3249209128 0 5 0 2 3 0
3061103658 910461050 0 5 7 4 6 0
56679696 1680567127 0 4 0 6 0 0
2100081970 308553132 0 4 7 6 7 0
3268492190 660131204 0 3 0 4 1 0
2591686549 2171799162 0 2 6 2 5 0
2441528327 3437223316 0 0 1 0 3 0
2853358747 1636154342 0 3 7 2 6 0
717579541 3415941157 0 5 0 3 0 0
183670049 3675759655 0 3 6 1 5 0
2961890535 1676738495 0 2 3 1 2 0
2299954570 2999199338 0 2 7 6 3 0
2129221332 3019585587 0 4 1 4 3 0
1122779165 1759848582 0 4 6 4 4 0
3335169722 1055957875 0 6 0 5 2 0
124370606 2806128978 0 3 6 3 5 0
3318770197 1110938135 0 3 1 3 3 0
1210182397 169324339 0 6 7 5 5 0
3532943979 3224919988 0 1 0 2 2 0
46900722 1816468973 0 1 7 3 6 0
3730620043 3249209128 0 5 0 2 3 0
3061103658 910461050 0 5 7 4 6 0
56679696 1680567127 -1 2 3 5 6 0
2995467654 3981719400 -1 4 7 5 6 0
1533236549 2446149443 -1 5 2 6 4 0
2681219932 2270971429 -1 5 6 6 7 0
655358974 3272634371 -1 6 4 4 5 0
204168496 3135770139 -1 3 7 4 7 0
2024930115 2630318478 -1 4 5 2 6 0
3376178733 2183330402 -1 4 7 6 5 0
3172840058 3607552629 -1 2 6 0 7 0
1276844509 1206603390 -1 6 5 6 1 0
1010841330 2820572394 -1 7 0 5 0 0
3211057325 4224659357 -1 5 5 6 3 0
2129221332 3019585587 0 4 1 4 3 0
1122779165 1759848582 0 4 6 4 4 0
3335169722 1055957875 0 6 0 5 2 0
124370606 2806128978 0 3 6 3 5 0
3318770197 1110938135 0 3 1 3 3 0
1210182397 169324339 0 6 7 5 5 0
3532943979 3224919988 1 1 0 2 2 0
46900722 1816468973 1 4 4 3 3 0
3300844833 3729335077 1 5 2 3 3 0
1366729995 3616168644 1 6 6 6 5 0
1038066038 1161012722 1 2 0 4 2 0
1800273187 1490657227 1 5 7 6 6 0
788382908 2052578474 1 3 0 3 1 0
4169090744 3667855303 1 4 7 6 7 0
1199753236 4020498415 1 4 0 2 0 0
804973059 3392357670 1 5 7 4 7 0
3086710475 3139810342 1 5 1 5 2 0
349317435 2721906204 1 1 7 2 5 0
3262783446 4064713315 1 7 1 7 3 0
2129221332 3019585587 0 4 1 4 3 0
1122779165 1759848582 0 4 6 4 4 0
3335169722 1055957875 0 6 0 5 2 0
124370606 2806128978 0 1 7 2 5 0
3519121475 4147660077 0 3 1 3 2 0
2027170323 2069389623 0 5 7 2 4 0
2129221332 3019585587 0 4 1 4 3 0
1122779165 1759848582 0 4 6 4 4 0
3335169722 1055957875 0 6 0 5 2 0
124370606 2806128978 0 1 7 2 5 0
3519121475 4147660077 -1 5 0 2 3 0
3119090402 14037631 -1 6 7 5 5 0
884655523 3961094592 -1 5 2 6 4 0
4027169722 4203249830 -1 3 6 3 4 0
679031872 3427845905 -1 4 3 3 4 0
513918600 1940503831 -1 2 5 0 4 0
4059975983 1493633531 -1 2 3 1 4 0
2769314203 1634382625 -1 2 6 2 5 0
2934921737 751200463 -1 3 4 2 5 0
3204467185 3584257220 -1 1 6 2 5 0
3547718071 2550236767 -1 1 4 4 1 0
1578935626 358365219 -1 7 6 7 5 0
991966049 3406240556 -1 6 4 5 2 0
4287843704 3717601866 -1 4 4 4 3 0
959245602 3831727500 -1 5 2 4 4 0
2267827794 3676306433 -1 5 7 3 5 0
2129221332 3019585587 0 4 1 4 3 0
1122779165 1759848582 0 4 6 4 4 0
3335169722 1055957875 0 6 0 5 2 0
124370606 2806128978 0 1 7 2 5 0
3519121475 4147660077 0 5 0 2 3 0
3119090402 14037631 0 6 7 5 5 0
884655523 3961094592 0 5 2 6 4 0
4027169722 4203249830 0 3 6 3 4 0
679031872 3427845905 0 4 3 3 4 0
513918600 1940503831 0 5 5 3 4 0
3727966299 1420207732 1 6 4 5 6 0
1829111513 1216686269 1 4 7 5 6 0
2958287176 2831917040 1 3 0 5 2 0
2691062191 2938246268 1 5 6 4 5 0
3623183112 3349009547 1 1 0 2 2 0
128627857 1809880786 1 2 5 1 3 0
2609014157 1548235452 1 5 2 4 3 0
2129221332 3019585587 0 4 1 4 3 0
1122779165 1759848582 0 4 6 4 4 0
3335169722 1055957875 0 6 0 5 2 0
124370606 2806128978 0 1 7 2 5 0
3519121475 4147660077 0 5 0 2 3 0
3119090402 14037631 0 6 7 5 5 0
884655523 3961094592 0 3 1 3 2 0
2645518323 1618585050 0 5 7 2 4 0
2410207957 2897880589 0 2 1 2 2 0
2415687483 1773000677 0 3 6 3 5 0
1296409472 2362991776 0 2 3 1 2 0
1960442605 1575796085 0 4 7 6 7 0
3408163905 1758483805 0 4 0 6 0 0
3043499107 513743782 0 7 6 7 5 0
3495201352 3234085033 0 7 1 7 2 0
2129221332 3019585587 0 4 1 4 3 0
1122779165 1759848582 0 4 6 4 4 0
3335169722 1055957875 0 6 0 5 2 0
124370606 2806128978 0 1 7 2 5 0
3519121475 4147660077 0 5 0 2 3 0
3119090402 14037631 0 5 7 2 4 0
2884515780 3423973800 -1 2 1 2 2 0
2881133098 151142464 -1 6 7 5 5 0
652858731 3855479807 -1 3 1 3 3 0
2870498691 2918043355 -1 4 4 3 3 0
2055979655 956412715 -1 2 2 3 3 0
2907810498 1879758358 -1 2 4 1 3 0
3687520962 2566268731 -1 1 0 2 2 0
194301275 881550690 -1 5 5 4 3 0
1744377359 3808502778 -1 4 0 6 0 0
431324717 2504944897 -1 1 3 2 2 0
2129221332 3019585587 0 4 1 4 3 0
1122779165 1759848582 0 4 6 4 4 0
3335169722 1055957875 0 6 0 5 2 0
124370606 2806128978 0 1 7 2 5 0
3519121475 4147660077 0 5 0 2 3 0
3119090402 14037631 0 5 7 2 4 0
2884515780 3423973800 -1 2 1 2 2 0
2881133098 151142464 -1 6 7 5 5 0
652858731 3855479807 -1 3 1 3 3 0
2870498691 2918043355 -1 4 4 3 3 0
2055979655 956412715 -1 4 3 4 4 0
1125139143 1858506521 -1 3 6 3 4 0
2129221332 3019585587 0 4 1 4 3 0
1122779165 1759848582 0 4 6 4 4 0
3335169722 1055957875 0 6 0 5 2 0
124370606 2806128978 0 1 7 2 5 0
3519121475 4147660077 0 5 0 2 3 0
3119090402 14037631 0 5 7 2 4 0
2884515780 3423973800 1 1 1 1 3 0
1993751486 3793721690 1 2 4 1 3 0
2730845533 548291408 1 2 1 2 2 0
2129221332 3019585587 0 4 1 4 3 0
1122779165 1759848582 0 4 6 4 4 0
3335169722 1055957875 0 6 0 5 2 0
124370606 2806128978 0 1 7 2 5 0
3519121475 4147660077 0 5 0 2 3 0
3119090402 14037631 0 6 7 5 5 0
884655523 3961094592 0 3 1 3 2 0
2645518323 1618585050 0 5 7 2 4 0
2410207957 2897880589 0 2 1 2 2 0
2415687483 1773000677 0 3 6 3 5 0
1296409472 2362991776 0 2 3 1 2 0
1960442605 1575796085 0 4 7 6 7 0
3408163905 1758483805 -1 4 0 6 0 0
3043499107 513743782 -1 2 7 6 3 0
3810195226 4131313223 -1 7 1 7 2 0
2699176151 3480099975 -1 6 3 5 2 0
2129221332 3019585587 0 4 1 4 3 0
1122779165 1759848582 0 4 6 4 4 0
3335169722 1055957875 0 6 0 5 2 0
124370606 2806128978 0 1 7 2 5 0
3519121475 4147660077 0 5 0 1 4 0
3976706646 951814309 0 3 6 3 5 0
801009389 3721280480 0 3 1 3 3 0
2723147269 2515404484 0 2 7 3 6 0
1018744880 3798522425 0 1 0 2 2 0
3974563753 1310038112 0 6 7 5 5 0
1639205096 2732207071 0 4 0 6 0 0
536355018 3566560548 0 5 7 4 6 0
2867610096 2264565257 0 5 0 4 0 0
105748572 2798419138 0 4 4 3 3 0
2129221332 3019585587 0 4 1 4 3 0
1122779165 1759848582 0 4 6 4 4 0
3335169722 1055957875 0 6 0 5 2 0
124370606 2806128978 0 1 7 2 5 0
3519121475 4147660077 0 5 0 1 4 0
3976706646 951814309 0 3 6 3 5 0
801009389 3721280480 1 3 1 3 3 0
2723147269 2515404484 1 4 4 3 3 0
1943828737 16939828 1 5 2 3 3 0
3860085035 146866901 1 2 7 3 6 0
1862652105 1504156944 1 4 0 6 0 0
290044139 803787755 1 6 7 5 5 0
2619013034 3274137684 1 1 0 2 2 0
1279598643 1868177933 1 5 7 4 6 0
4182851849 1026933024 1 5 0 4 0 0
1441831077 486751211 1 4 7 6 7 0
3926726153 675271619 1 2 0 6 4 0
2129221332 3019585587 0 4 1 4 3 0
1122779165 1759848582 0 4 6 4 4 0
3335169722 1055957875 0 6 0 5 2 0
124370606 2806128978 0 1 7 2 5 0
3519121475 4147660077 0 5 0 1 4 0
3976706646 951814309 0 0 6 0 5 0
1152008451 2865149192 0 1 4 0 3 0
1950307885 3409701310 0 6 7 5 5 0
4184611180 670325249 0 4 0 6 0 0
2267050318 1371215098 0 5 7 4 6 0
842272884 64288727 0 5 0 4 0 0
2660616664 602017052 0 1 6 1 4 0
3572093760 1445639960 0 0 3 1 2 0
1715456890 3717036262 0 4 7 6 7 0
3653387734 3903951054 0 2 1 2 2 0
3650545720 765878566 0 3 6 3 5 0
456080515 3369325155 0 7 1 7 2 0
1490543438 4051900579 0 2 5 0 4 0
3079173353 3677203535 0 1 2 2 1 0
3987010174 3195260152 0 2 6 2 4 0
3599841901 989955092 0 3 1 3 3 0
2129221332 3019585587 0 4 1 4 3 0
1122779165 1759848582 0 4 6 4 4 0
3335169722 1055957875 0 6 0 5 2 0
124370606 2806128978 0 1 7 2 5 0
3519121475 4147660077 0 5 0 1 4 0
3976706646 951814309 0 0 6 0 5 0
1152008451 2865149192 0 1 4 0 3 0
1950307885 3409701310 0 6 7 5 5 0
4184611180 670325249 0 4 0 6 0 0
2267050318 1371215098 0 5 7 4 6 0
842272884 64288727 0 5 0 4 0 0
2660616664 602017052 0 1 6 1 4 0
3572093760 1445639960 0 0 3 1 2 0
1715456890 3717036262 0 4 7 6 7 0
3653387734 3903951054 -1 2 1 2 2 0
3650545720 765878566 -1 3 6 3 4 0
31877058 461252241 -1 4 3 3 4 0
926848266 2760334487 -1 5 5 3 4 0
4155184089 2206746612 -1 5 2 4 4 0
3797912188 564371721 -1 2 5 4 4 0
4019963411 2472696879 -1 4 0 4 4 0
2122191223 932353863 -1 2 6 2 5 0
1971399397 2050903209 -1 3 1 3 3 0
4168133133 840855949 -1 4 6 3 5 0
2129221332 3019585587 0 4 1 4 3 0
1122779165 1759848582 0 4 6 4 4 0
3335169722 1055957875 0 6 0 5 2 0
124370606 2806128978 0 1 7 2 5 0
3519121475 4147660077 0 5 0 1 4 0
3976706646 951814309 0 0 6 0 5 0
1152008451 2865149192 0 1 4 0 3 0
1950307885 3409701310 0 6 7 5 5 0
4184611180 670325249 0 4 0 6 0 0
2267050318 1371215098 0 5 7 4 6 0
842272884 64288727 0 5 0 4 0 0
2660616664 602017052 0 1 6 1 4 0
3572093760 1445639960 0 0 3 1 2 0
1715456890 3717036262 0 4 7 6 7 0
3653387734 3903951054 0 2 1 2 2 0
3650545720 765878566 0 3 6 3 5 0
456080515 3369325155 -1 3 1 3 3 0
2531179627 2163470151 -1 2 7 6 3 0
2129221332 3019585587 0 4 1 4 3 0
1122779165 1759848582 0 4 6 4 4 0
3335169722 1055957875 0 6 0 5 2 0
124370606 2806128978 0 1 7 2 5 0
3519121475 4147660077 0 5 0 1 4 0
3976706646 951814309 0 0 6 0 5 0
1152008451 2865149192 0 1 4 0 3 0
1950307885 3409701310 0 6 7 5 5 0
4184611180 670325249 1 4 0 6 0 0
2267050318 1371215098 1 5 5 4 3 0
3947735578 2251379298 1 3 1 3 3 0
2129221332 3019585587 0 4 1 4 3 0
1122779165 1759848582 0 4 6 4 4 0
3335169722 1055957875 0 6 0 5 2 0
124370606 2806128978 0 1 7 2 5 0
3519121475 4147660077 0 5 0 1 4 0
3976706646 951814309 0 0 6 0 5 0
1152008451 2865149192 0 1 4 2 5 0
1207911390 231089986 0 3 6 2 5 0
4206350670 3622739025 0 5 2 4 4 0
4014164203 1975876268 0 3 7 3 3 0
2129221332 3019585587 0 3 1 3 3 0
4078491196 4225434903 0 3 6 3 4 0
1015975441 3957522840 0 2 1 2 3 0
458378923 3864731178 0 4 6 4 4 0
3503236171 3738961699 0 3 3 4 4 0
2680523887 1472157253 0 3 4 3 3 0
990806264 2208164353 0 6 0 5 2 0
3119773787 563635872 0 1 7 2 5 0
1868287670 1910637279 0 0 1 0 2 0
1095694541 1822292989 0 2 7 6 3 0
389813172 2218538524 0 1 1 1 3 0
3389267918 2855673582 0 3 7 4 6 0
2001611387 1196634280 0 3 0 0 3 0
1589482744 1883197217 0 4 7 2 7 0
1645218829 2231547472 0 2 0 5 3 0
2129221332 3019585587 0 3 1 3 3 0
4078491196 4225434903 0 3 6 3 4 0
1015975441 3957522840 0 2 1 2 3 0
458378923 3864731178 0 4 6 4 4 0
3503236171 3738961699 0 3 3 4 4 0
2680523887 1472157253 0 3 4 3 3 0
990806264 2208164353 -1 4 1 4 2 0
3601705854 1453267767 -1 5 7 1 3 0
2989532760 1923115469 -1 2 0 3 1 0
1510996490 3333645580 -1 3 3 4 2 0
3012080789 1914575689 -1 3 1 1 3 0
3748467840 2821457075 -1 4 2 5 1 0
252002168 2074208659 -1 4 0 4 1 0
1876268754 3197511721 -1 5 1 6 0 2
2129221332 3019585587 0 3 1 3 3 0
4078491196 4225434903 0 3 6 3 4 0
1015975441 3957522840 0 2 1 2 3 0
458378923 3864731178 0 3 4 2 3 0
2129221332 3019585587 0 3 1 3 3 0
4078491196 4225434903 0 3 6 3 4 0
1015975441 3957522840 0 2 1 2 3 0
458378923 3864731178 0 4 6 4 5 0
1122199742 363156754 0 1 0 2 2 0
2461843239 3117946699 0 6 7 5 5 0
535818342 1427612916 0 2 3 3 4 0
2170154353 1924105815 0 4 5 3 4 0
1923449347 352874109 0 2 0 6 4 0
2723717657 2896847173 0 2 6 2 5 0
2846333323 3775314603 0 4 1 4 2 0
2129221332 3019585587 0 3 1 3 3 0
4078491196 4225434903 0 3 6 3 4 0
1015975441 3957522840 0 2 1 2 3 0
458378923 3864731178 0 4 6 4 5 0
1122199742 363156754 0 1 0 2 2 0
2461843239 3117946699 0 2 6 2 4 0
2844358452 1017798567 0 2 3 3 4 0
2281101117 1839647432 0 4 5 3 4 0
1946859599 167846626 0 6 0 5 2 0
4143431916 2818879043 0 1 7 2 5 0
543159809 4169058876 0 6 1 6 2 0
2023554231 34546241 0 6 7 5 5 0
4124029942 4005597694 0 5 0 6 1 0
833633789 2653293420 0 5 7 4 6 0
2225364167 3427395649 0 4 0 6 0 0
4209521893 3120998074 0 4 7 6 7 0
2129221332 3019585587 0 3 1 3 3 0
4078491196 4225434903 0 6 7 5 5 0
1772965546 838137232 0 2 1 2 3 0
179352200 3465390861 0 4 6 4 5 0
1392612509 1031004213 0 1 0 2 2 0
2203992836 2433655404 0 5 7 1 3 0
3888336418 3039940758 0 4 1 4 2 0
174089636 1613963680 0 4 7 6 7 0
3047025416 1427097992 0 5 0 3 2 0
751269618 3575868629 0 3 6 3 4 0
4105697544 3824888674 0 6 0 5 2 0
848018739 3007309548 0 2 6 2 4 0
163476768 911060480 0 4 0 6 0 0
3342573596 917919543 0 1 7 2 5 0
294885105 1724658504 0 0 1 0 2 0
1065787530 2075380330 0 1 3 2 2 0
2423736095 2927032278 0 1 1 2 2 0
1942684899 257724074 0 3 4 2 3 0
968124215 245542552 0 3 2 2 3 0
963071080 2435032183 0 3 7 2 6 0
3667797158 814238964 0 2 3 0 1 0
2355793970 3400670035 0 4 5 4 4 0
2129221332 3019585587 0 3 1 3 3 0
4078491196 4225434903 0 6 7 5 5 0
1772965546 838137232 0 2 1 2 3 0
179352200 3465390861 0 4 6 4 5 0
1392612509 1031004213 0 1 0 2 2 0
2203992836 2433655404 0 5 7 1 3 0
3888336418 3039940758 0 0 1 0 2 0
3386275929 2823694772 0 1 3 2 2 0
1713872844 2106266632 0 1 1 2 2 0
2241584176 3701566836 0 2 6 2 4 0
2129221332 3019585587 0 3 1 3 3 0
4078491196 4225434903 0 6 7 5 5 0
1772965546 838137232 0 2 1 2 3 0
179352200 3465390861 0 4 6 4 5 0
1392612509 1031004213 0 1 0 2 2 0
2203992836 2433655404 0 5 7 1 3 0
3888336418 3039940758 0 5 1 5 2 0
1156190674 2888342188 0 3 6 3 4 0
2129221332 3019585587 0 3 1 3 3 0
4078491196 4225434903 0 6 7 5 5 0
1772965546 838137232 -1 1 0 2 2 0
3119683891 2643048393 -1 3 6 3 4 0
1635915465 2874273918 -1 5 1 5 2 0
2255123873 1082784619 -1 2 6 2 4 0
2129221332 3019585587 0 3 1 3 3 0
4078491196 4225434903 0 6 7 5 5 0
1772965546 838137232 0 2 1 2 3 0
179352200 3465390861 0 4 6 4 5 0
1392612509 1031004213 0 6 0 5 2 0
3523013694 2675338388 0 1 6 1 5 0
741202499 519624319 0 6 1 6 2 0
1961808117 3834199554 0 2 7 1 6 0
312083994 4125068193 0 5 0 6 1 0
3605366801 2235109683 0 5 7 4 6 0
1676798251 3612799518 0 4 0 6 0 0
498958601 2702818533 0 4 7 6 7 0
2722107301 2485474509 0 1 0 2 2 0
1914689596 945297044 0 5 5 4 3 0
3843142877 2832482510 0 3 0 2 1 0
2415561100 102835593 0 4 3 2 2 0
1796677422 1941728213 0 2 1 2 2 0
1452226341 1295880159 0 2 6 2 4 0
2129221332 3019585587 0 3 1 3 3 0
4078491196 4225434903 0 6 7 5 5 0
1772965546 838137232 0 2 1 2 3 0
179352200 3465390861 0 4 6 4 5 0
1392612509 1031004213 0 6 0 5 2 0
3523013694 2675338388 0 1 6 1 5 0
741202499 519624319 -1 4 1 4 2 0
3247370693 3422168905 -1 2 7 1 6 0
2818189098 3668742890 -1 5 0 3 2 0
1050720976 1518352311 -1 3 6 3 4 0
2129221332 3019585587 0 3 1 3 3 0
4078491196 4225434903 0 6 7 5 5 0
1772965546 838137232 0 2 1 2 3 0
179352200 3465390861 0 4 6 4 5 0
1392612509 1031004213 0 6 0 5 2 0
3523013694 2675338388 0 1 6 1 5 0
741202499 519624319 0 0 1 0 2 0
37284920 59191133 0 2 7 1 6 0
1682717399 315726590 0 1 0 2 2 0
3021204814 3198998695 0 3 6 3 4 0
1818452660 2289344272 0 2 3 3 4 0
3054781243 1561197724 0 5 5 3 4 0
1988216296 2047010815 0 4 1 4 2 0
2602757742 2936018633 0 5 7 4 6 0
775327572 4251973092 0 5 0 3 2 0
3077313198 2101563577 0 4 7 6 7 0
143760386 1216329873 0 4 0 6 0 0
1994257440 1043396202 0 2 6 2 4 0
2129221332 3019585587 0 3 1 3 3 0
4078491196 4225434903 0 6 7 5 5 0
1772965546 838137232 0 2 1 2 3 0
179352200 3465390861 0 4 6 4 5 0
1392612509 1031004213 0 6 0 5 2 0
3523013694 2675338388 0 1 6 1 5 0
741202499 519624319 0 0 1 0 2 0
37284920 59191133 0 2 7 1 6 0
1682717399 315726590 1 1 0 2 2 0
3021204814 3198998695 1 2 6 2 4 0
2401641821 1004441675 1 3 3 3 4 0
